0,0.119634845938652
0.00160768203992724,0.118813315304893
0.00321197241887372,0.117986826259256
0.00481287113683948,0.11715537880174
0.0064103781938245,0.116318972932345
0.00800449358982878,0.115477608651072
0.00959521732485232,0.114631285957921
0.0111825493988951,0.113780004852891
0.0127664898119572,0.112923765335982
0.0143470385640385,0.112062567407195
0.0159241956551391,0.111196411066529
0.0174979610852589,0.110325296313985
0.019068334854398,0.109449223149563
0.0206353169625564,0.108568191573262
0.022198907409734,0.107682201585082
0.0237591061959309,0.106791253185024
0.0253159133211471,0.105895346373088
0.0268693287853825,0.104994481149273
0.0284193525886371,0.104088657513579
0.0299659847309111,0.103177875466007
0.0315092252122043,0.102262135006557
0.0330490740325167,0.101341436135227
0.0345855311918484,0.10041577885202
0.0361185966901994,0.0994851631569338
0.0376482705275697,0.0985495890499692
0.0391745527039592,0.0976090565311261
0.0406974432193679,0.0966635656004046
0.0422169420737959,0.0957131162578045
0.0437330492672432,0.0947577085033259
0.0452457647997098,0.0937973423369688
0.0467550886711956,0.0928320177587331
0.0482610208817007,0.0918617347686191
0.049763561431225,0.0908864933666264
0.0512627103197686,0.0899062935527553
0.0527584675473314,0.0889211353270057
0.0542508331139135,0.0879310186893776
0.0557398070195149,0.0869359436398709
0.0572253892641355,0.0859359101784858
0.0587075798477754,0.0849309183052222
0.0601863787704346,0.08392096802008
0.061661786032113,0.0829060593230594
0.0631338016328107,0.0818861922141602
0.0646024255725276,0.0808613666933826
0.0660676578512638,0.0798315827607264
0.0675294984690192,0.0787968404161917
0.068987947425794,0.0777571396597786
0.070443004721588,0.0767124804914869
0.0718946703564012,0.0756628629113167
0.0733429443302337,0.074608286919268
0.0747878266430855,0.0735487525153409
0.0762293172949565,0.0724842596995351
0.0776674162858468,0.071414808471851
0.0791021236157563,0.0703403988322883
0.0805334392846851,0.0692610307808471
0.0819613632926332,0.0681767043175274
0.0833858956396005,0.0670874194423292
0.0848070363255871,0.0659931761552525
0.086224785350593,0.0648939744562972
0.0876391427146181,0.0637898143454635
0.0891033062151718,0.0627671611023197
0.0906015325826326,0.0619657937155943
0.09212547357713,0.0613901774699158
0.0936666376747878,0.0610435197460892
0.0952164373831907,0.0609277521493074
0.0968950962500547,0.0609894393513806
0.0985714890063188,0.0611744176827758
0.100243352600526,0.0614824374314366
0.101908430095375,0.0619130827851744
0.10356447371448,0.0624657723929951
0.105209247876762,0.0631397601498958
0.106840532214382,0.0639341362040715
0.108456124570128,0.0648478281851719
0.110053843970227,0.0658796026519518
0.111631533568555,0.0670280667573579
0.113187063558283,0.0682916701288075
0.114718334047008,0.0696687069611185
0.116223277891517,0.0711573183192661
0.117699863488327,0.072755494647858
0.11914609751626,0.0744610784839394
0.120560027627327,0.0762717673694671
0.121939745082311,0.0781851169595191
0.123283387327473,0.080198544322046
0.124589140508911,0.0823093314247076
0.126235314744013,0.0850719398117623
0.127881488979114,0.087834548198817
0.129527663214216,0.0905971565858717
0.131173837449318,0.0933597649729264
0.132820011684419,0.0961223733599811
0.134466185919521,0.0988849817470358
0.136112360154623,0.101647590134091
0.137758534389725,0.104410198521145
0.139404708624826,0.1071728069082
0.140825522961804,0.109288321074114
0.142359528362716,0.111059637936424
0.143985980036079,0.112462803473235
0.14568288301316,0.113478842277767
0.147427289592205,0.114094014168189
0.149195609666733,0.1143
0.150706539405101,0.1143
0.152217469143468,0.1143
0.153728398881836,0.1143
0.155239328620204,0.1143
0.156750258358571,0.1143
0.158261188096939,0.1143
0.159772117835307,0.1143
0.161283047573674,0.1143
0.162793977312042,0.1143
0.16430490705041,0.1143
0.165815836788777,0.1143
0.167326766527145,0.1143
0.168837696265513,0.1143
0.17034862600388,0.1143
0.171859555742248,0.1143
0.173370485480616,0.1143
0.174881415218983,0.1143
0.176392344957351,0.1143
0.177903274695719,0.1143
0.179414204434086,0.1143
0.180925134172454,0.1143
0.182436063910822,0.1143
0.183946993649189,0.1143
0.185457923387557,0.1143
0.186968853125925,0.1143
0.188479782864292,0.1143
0.18999071260266,0.1143
0.191501642341028,0.1143
0.193012572079395,0.1143
0.194523501817763,0.1143
0.196034431556131,0.1143
0.197545361294498,0.1143
0.199056291032866,0.1143
0.200567220771234,0.1143
0.202078150509601,0.1143
0.203589080247969,0.1143
0.205100009986337,0.1143
0.206610939724704,0.1143
0.208121869463072,0.1143
0.20963279920144,0.1143
0.211143728939807,0.1143
0.212654658678175,0.1143
0.214165588416542,0.1143
0.21567651815491,0.1143
0.217187447893278,0.1143
0.218698377631645,0.1143
0.220209307370013,0.1143
0.221720237108381,0.1143
0.223231166846748,0.1143
0.224742096585116,0.1143
0.226253026323484,0.1143
0.227763956061851,0.1143
0.229274885800219,0.1143
0.230785815538587,0.1143
0.232296745276954,0.1143
0.233807675015322,0.1143
0.23531860475369,0.1143
0.236829534492057,0.1143
0.238340464230425,0.1143
0.239851393968793,0.1143
0.24136232370716,0.1143
0.242873253445528,0.1143
0.244384183183896,0.1143
0.245895112922263,0.1143
0.247406042660631,0.1143
0.248916972398999,0.1143
0.250427902137366,0.1143
0.251938831875734,0.1143
0.253449761614102,0.1143
0.254960691352469,0.1143
0.256471621090837,0.1143
0.257982550829205,0.1143
0.259493480567572,0.1143
0.26100441030594,0.1143
0.262515340044308,0.1143
0.264026269782675,0.1143
0.265537199521043,0.1143
0.267048129259411,0.1143
0.268559058997778,0.1143
0.270069988736146,0.1143
0.271580918474514,0.1143
0.273091848212881,0.1143
0.274602777951249,0.1143
0.276113707689617,0.1143
0.277624637427984,0.1143
0.279135567166352,0.1143
0.28064649690472,0.1143
0.282157426643087,0.1143
0.283668356381455,0.1143
0.285179286119823,0.1143
0.28669021585819,0.1143
0.288201145596558,0.1143
0.289712075334926,0.1143
0.291223005073293,0.1143
0.292733934811661,0.1143
0.294244864550029,0.1143
0.295755794288396,0.1143
0.297266724026764,0.1143
0.298777653765132,0.1143
